94
macpha2_4023                         0.0000000 0.6309173 2.6290588 2.6605727 2.7337591 2.7371806 2.4676748 2.7371806 2.6042089 2.6141418 2.6794797 2.1478229 2.6199991 2.1607289 2.1430826 2.1849092 2.9493063 3.1384274 2.5505934 2.4175060 2.5096641 2.4933683 2.4021334 2.5834722 2.6108339 2.6168461 2.1472317 2.2407644 2.7263804 2.5992407 2.3887500 2.5749311 2.4677372 2.5677750 2.1472317 2.5339276 2.5753578 2.6166618 2.5211379 2.4054575 2.2406692 2.3749391 2.7686827 2.6709260 2.5251789 2.5204346 2.6562760 2.2039947 2.2399083 1.8102794 1.6765302 1.7018714 1.5266775 1.5709806 1.5266775 1.7392984 1.7230100 1.7561557 1.5812778 1.7010519 1.8039793 1.6658166 1.7463927 1.6431979 1.6431979 1.5747613 1.7039910 1.6871017 1.7788523 1.7287019 2.1948968 1.7971252 1.7287019 1.7832810 1.6912261 1.6733296 1.6949073 1.6538874 2.1196185 2.0571747 2.3290750 2.6655371 2.2314346 1.8585496 1.8524266 1.4728370 1.5710223 1.4664629 2.5380722 1.9162452 2.2150637 2.5133007 2.1997586 2.1757891 
_R_phachl1_4396                      0.6309173 0.0000000 2.5094055 2.5337655 2.6867521 2.6989239 2.2273775 2.6989239 2.8095865 2.9298034 2.4960018 2.5019996 2.6255402 2.5181246 2.4474285 2.3194902 2.7232294 2.7356312 2.8719978 2.3028039 2.7055119 2.6093149 2.3651326 2.5787144 2.6055123 2.5246048 2.1095232 2.2097463 2.3564301 2.1489740 2.1302009 2.4232364 2.1840872 2.2771671 2.1095232 2.4244502 2.4659580 2.4419127 2.4362969 2.3577762 1.9648783 2.2378645 2.8342892 2.7845306 2.5718501 2.5674875 2.7115024 2.1200132 2.2082385 1.7369168 1.7269490 1.7217721 1.5794587 1.5971425 1.5794587 1.7358558 1.7339708 1.8217851 1.7439253 1.7134102 1.7826589 1.7209529 1.7229654 1.8085480 1.8085480 1.6013396 1.7214391 1.6922572 1.7164952 1.7643201 1.9841657 1.9348431 1.7643201 1.7626266 1.7317529 1.7405199 1.7506865 1.7088841 2.1453694 1.8013767 2.2521276 2.7296609 2.1431696 1.8269651 1.8159227 1.4260401 1.5917942 1.4325897 2.4180629 1.9026749 1.9201844 2.4512772 2.1970566 2.1376790 
_R_Starship-2_Pvar-Captain           2.6290588 2.5094055 0.0000000 0.0253553 0.2604852 0.2607782 2.7296169 0.2607782 2.6642637 2.4827681 2.0128688 2.6945961 2.7776192 2.7194723 2.7044802 2.8752710 2.3153774 2.3729836 2.9245323 2.5074446 2.5700629 2.3005656 2.0338201 2.5441647 2.5833500 2.5047761 2.5858571 2.4238011 2.3878227 2.8981233 2.5055724 2.5463158 2.4664226 2.9553095 2.5858571 3.0133751 3.1038588 2.9920387 2.9769646 2.4543274 2.0436296 2.3022168 2.4946294 2.3747232 2.5798890 2.5749051 2.5329980 2.2251248 2.2563390 1.8208575 1.7008234 1.7018665 1.7230580 1.6715391 1.7230580 1.7175946 1.7494027 1.7161622 1.7702738 1.6976032 1.7851828 1.7371221 1.7184445 1.8177663 1.8177663 1.6716565 1.6961635 1.6103963 1.6913821 1.6981901 2.4510254 1.6756065 1.6981901 1.8802041 1.7818788 1.7842734 1.7351446 1.7460294 2.8663111 2.6010629 2.2195566 2.7585302 2.1535702 2.5895257 1.6939584 2.2746798 1.6883682 2.2709771 2.5856071 2.3820219 2.7325473 2.2381347 2.4644144 2.4876599 
_R_Starship-2_Pvar-Captain_2         2.6605727 2.5337655 0.0253553 0.0000000 0.2685290 0.2688198 2.6683139 0.2688198 2.5972011 2.4363457 2.0295796 2.6757708 2.7704943 2.7004395 2.7144112 2.8306541 2.2690028 2.3244762 2.9107197 2.4948258 2.5737185 2.3285996 2.0511609 2.5599237 2.5946014 2.4994582 2.5926167 2.3995956 2.3618273 2.8473636 2.4564076 2.5304350 2.4644340 2.8976546 2.5926167 3.0460330 3.0719731 2.9791203 3.0087589 2.4492247 2.0406288 2.3030465 2.5075763 2.3690030 2.5886139 2.5835659 2.5460867 2.2298335 2.2717727 1.8232523 1.7103868 1.7141489 1.7310918 1.6839666 1.7310918 1.7215363 1.7555328 1.7154606 1.7876366 1.7124157 1.7963245 1.7599873 1.7345969 1.8382347 1.8382347 1.6840961 1.7083859 1.6010971 1.6744361 1.7081488 2.4839585 1.7131348 1.7081488 1.8499105 1.7828167 1.7692116 1.7038044 1.7513443 2.8069675 2.6274752 2.2032899 2.7573491 2.1549406 2.5407390 1.6987126 2.3602374 1.7053002 2.3562993 2.5563021 2.3663545 2.7547215 2.1668368 2.4350563 2.4477202 
_R_Galactica_Afla-Captain            2.7337591 2.6867521 0.2604852 0.2685290 0.0000000 0.0083409 2.5404162 0.0083409 2.6934853 2.5736110 2.1031562 2.4281222 2.4625070 2.4426925 2.4421872 3.0698209 2.4085612 2.4853336 2.8539663 2.5769707 2.5736277 2.3512668 2.1604259 2.4451172 2.4868259 2.4171640 2.8014271 2.3435240 2.4856147 2.9077128 2.5746427 2.6452198 2.5021090 3.0324920 2.8014271 3.2053193 3.2474392 3.1425824 3.1634450 2.4528126 1.8763212 2.2613158 2.4626126 2.3467014 2.6168015 2.6116315 2.4923144 2.2477339 2.2936971 1.7858832 1.7180113 1.7053698 1.6540159 1.6796645 1.6540159 1.6312899 1.6636653 1.6467615 1.7060283 1.7080394 1.7910929 1.6900232 1.7346564 1.7182642 1.7182642 1.6831981 1.6997328 1.6470816 1.5824732 1.6145292 2.7472227 1.5865932 1.6145292 1.8384408 1.7301267 1.7590921 1.7453705 1.6780933 2.7228570 2.9364259 2.2622083 2.8599007 2.1354483 2.6999060 1.6018694 2.2653531 1.6826274 2.2774092 2.7234973 2.4837750 2.7518955 2.2081516 2.4592245 2.4897425 
_R_Galactica_Afla-Captain_2          2.7371806 2.6989239 0.2607782 0.2688198 0.0083409 0.0000000 2.5404709 0.0000010 2.7293912 2.6023626 2.1068230 2.4698761 2.5021337 2.4849016 2.4866270 3.1889987 2.4367944 2.5160549 2.8608120 2.5988528 2.5962006 2.3266905 2.1500816 2.4856987 2.5272309 2.4518391 2.7772400 2.3700537 2.5756425 2.9473477 2.5703452 2.6776866 2.5388330 3.0899864 2.7772400 3.2540996 3.2507334 3.1557654 3.2111593 2.4532147 1.8828248 2.3015405 2.4991277 2.3810372 2.6547869 2.6495067 2.5467188 2.2343614 2.2794434 1.7842316 1.7183741 1.7106132 1.6709652 1.6874666 1.6709652 1.6437835 1.6766477 1.6593468 1.7167153 1.7132826 1.7962345 1.7039622 1.7398627 1.7312292 1.7312292 1.6910167 1.7049702 1.6513512 1.5926135 1.6283712 2.7644594 1.5944302 1.6283712 1.8365207 1.7416624 1.7628077 1.7390627 1.6883749 2.7734617 2.9804468 2.2720660 2.8613565 2.1560869 2.7594421 1.6050100 2.2236326 1.6904077 2.2355594 2.7594602 2.5000419 2.7830232 2.2634524 2.4880064 2.5177905 
_R_aspell2_tyr1081                   2.4676748 2.2273775 2.7296169 2.6683139 2.5404162 2.5404709 0.0000000 2.4961496 2.7163961 2.6191644 2.1671133 2.3516694 2.3244732 2.3526013 2.3260564 2.3236182 2.6867468 2.5974258 2.7804500 2.4482076 2.3846207 2.4729203 2.0720634 2.1906945 2.1485618 2.0986131 2.4653282 2.6218557 2.8687516 2.4692841 2.6196155 3.0753830 3.0387189 2.7377465 2.4653282 2.3017937 2.7484280 2.6613555 2.3135081 2.3881863 2.0592412 2.1667358 2.7653723 2.7788107 2.5866077 2.5975702 2.7791152 2.4850665 2.4914249 1.5607749 1.6080780 1.5990430 1.5458080 1.5488225 1.5458080 1.5624461 1.5643648 1.5833714 1.6024476 1.5997608 1.6997581 1.6270972 1.5910502 1.6520154 1.6520154 1.5423832 1.6057071 1.6670144 1.6508901 1.5435311 2.3503648 1.6275729 1.5435311 1.7271652 1.7615498 1.7826539 1.8176965 1.6460889 2.2067806 2.2409285 2.6144906 2.4291029 2.2862935 2.3370607 1.6129841 2.2472527 1.5362421 2.2299168 2.4738837 2.5138164 2.4877965 2.0721927 2.2881413 2.3109953 
_R_Galactica_Afla-Captain_3          2.7371806 2.6989239 0.2607782 0.2688198 0.0083409 0.0000010 2.4961496 0.0000000 2.7293912 2.6023626 2.1068230 2.4698761 2.5021337 2.4849016 2.4866270 3.1889987 2.4367944 2.5160549 2.8608120 2.5988528 2.5962006 2.3266905 2.1500816 2.4856987 2.5272309 2.4518391 2.7772400 2.3700537 2.5756425 2.9473477 2.5703452 2.6776866 2.5388330 3.0899864 2.7772400 3.2540996 3.2507334 3.1557654 3.2111593 2.4532147 1.8828248 2.3015405 2.4991277 2.3810372 2.6547869 2.6495067 2.5467188 2.2343614 2.2794434 1.7842316 1.7183741 1.7106132 1.6709652 1.6874666 1.6709652 1.6437835 1.6766477 1.6593468 1.7167153 1.7132826 1.7962345 1.7039622 1.7398627 1.7312292 1.7312292 1.6910167 1.7049702 1.6513512 1.5926135 1.6283712 2.7644594 1.5944302 1.6283712 1.8365207 1.7416624 1.7628077 1.7390627 1.6883749 2.7734617 2.9804468 2.2720660 2.8613565 2.1560869 2.7594421 1.6050100 2.2236326 1.6904077 2.2355594 2.7594602 2.5000419 2.7830232 2.2634524 2.4880064 2.5177905 
_R_Starship-1_Fnub-Captain           2.6042089 2.8095865 2.6642637 2.5972011 2.6934853 2.7293912 2.7163961 2.7293912 0.0000000 0.0209904 2.1482301 2.1864169 2.4879273 2.1994820 2.2335456 2.0940830 2.2366581 2.3233093 2.3607182 2.3331378 1.7349627 2.0077356 2.1479144 2.4965517 2.5669247 2.5680031 2.5001072 2.4555586 2.5393496 2.8591226 3.1694684 2.4779169 2.2351294 2.7804446 2.5001072 1.9853091 1.8959374 1.9637834 1.9816333 2.3999830 2.0351418 2.2333139 2.8640729 2.7332258 2.6451137 2.6445189 2.8667793 2.6874609 2.7988636 1.7217283 1.8968114 1.8982804 1.9328032 1.9402091 1.9328032 1.8870460 1.9054537 1.8700372 2.0173630 1.9029114 2.0781465 1.9290338 1.9783389 2.0923050 2.0923050 1.9455198 1.8862571 1.8381886 1.7412331 1.9164894 2.3635216 1.8716306 1.9164894 1.7527324 1.8440742 1.8122099 1.6086616 1.9657947 2.2903601 2.1963742 2.5374249 1.6099517 2.3908218 2.1505110 1.9697279 2.2921137 1.9198385 2.2709545 2.7148132 2.4792312 2.3933508 2.6468413 3.2190288 3.2844920 
_R_Starship-1_Fnub-Captain_2         2.6141418 2.9298034 2.4827681 2.4363457 2.5736110 2.6023626 2.6191644 2.6023626 0.0209904 0.0000000 2.1337259 2.2372880 2.4825954 2.2500912 2.2772062 2.2520990 2.3386165 2.4454155 2.3854987 2.3682143 1.7249285 1.9839547 2.1847396 2.4061033 2.5220760 2.4999184 2.5679706 2.4635098 2.5138730 2.8490762 3.2535098 2.6055328 2.2646754 2.7959887 2.5679706 1.8861189 1.9150972 1.9573609 1.8834271 2.4081942 2.0848144 2.2432492 2.7776155 2.6963156 2.6163429 2.6158328 2.8111120 2.7262220 2.8161546 1.7442111 1.9028342 1.9179404 1.8866707 1.8821501 1.8866707 1.8567359 1.8718849 1.8218606 2.0249861 1.9219340 2.0821354 1.9062892 1.9841808 2.1115613 2.1115613 1.8909480 1.9072105 1.8260354 1.7101880 1.9258968 2.4043664 1.8449331 1.9258968 1.7652701 1.8413619 1.8088170 1.6073292 1.9261061 2.2818620 2.1450255 2.5372170 1.6384443 2.4923002 2.2130282 1.9853842 2.3666543 1.8611092 2.3450377 2.6828072 2.5910981 2.4794346 2.6556948 2.9459945 2.9898593 
_R_fusmet1_tyr6076                   2.6794797 2.4960018 2.0128688 2.0295796 2.1031562 2.1068230 2.1671133 2.1068230 2.1482301 2.1337259 0.0000000 2.3966015 2.5526687 2.4037948 2.3399722 2.3335648 2.4568358 2.4099965 2.7365247 2.1223692 2.4406597 2.2110305 1.4105810 2.0435376 1.9842615 2.0079673 2.5920696 2.4208169 2.2413185 2.4075858 2.5298752 2.4444607 2.4038800 2.8261860 2.5920696 2.8357029 2.6395305 2.5751264 2.8114867 2.5008143 2.3320947 2.1623658 2.5893511 2.5258429 2.5482242 2.5527756 2.5579875 2.0705284 2.0636711 1.8906032 1.5769758 1.5902477 1.5914287 1.5812194 1.5914287 1.5782619 1.5913158 1.5988653 1.6134531 1.5924906 1.6053652 1.5952738 1.5958716 1.7066892 1.7066892 1.5857578 1.5790538 1.5923869 1.5077683 1.6373279 2.5614428 1.7347534 1.6373279 1.8614399 1.6002061 1.6354853 1.8752390 1.5863239 2.7817963 1.9410664 2.2876947 2.7358000 2.2530819 2.2135401 1.5893080 2.0614379 1.5641569 2.0963914 2.4167780 2.5084449 2.6726435 2.1019346 2.2148395 2.2217747 
_R_aspawa2_tyr663                    2.1478229 2.5019996 2.6945961 2.6757708 2.4281222 2.4698761 2.3516694 2.4698761 2.1864169 2.2372880 2.3966015 0.0000000 0.3377634 0.0017840 0.0354095 2.3298134 2.4551234 2.4563802 2.1108150 2.1480867 2.4371029 2.2547452 2.2399686 2.3434978 2.3832206 2.3311833 2.3654264 2.2313736 2.3278148 2.2393094 2.2797942 2.2201834 2.1801005 2.5457597 2.3654264 2.9002006 2.7504840 2.6801074 2.8897139 2.4002974 2.0718553 2.4205869 2.5015734 2.5943936 2.2360399 2.2418217 2.4640938 2.1241389 2.0929965 2.0018604 1.6734572 1.6551181 1.6841419 1.6439690 1.6841419 1.7640687 1.7640687 1.7351415 1.6158775 1.6757748 1.7016193 1.7021072 1.6735446 1.6900481 1.6900481 1.6329196 1.6587952 1.7326611 1.6668896 1.7781275 2.4553150 1.7839420 1.7781275 2.0695373 1.6803409 1.6622211 1.9371064 1.6747516 2.0404812 1.9643648 2.4003834 2.8365118 2.1199988 2.1659247 1.7264266 2.4699543 1.6221280 2.4699543 2.2060282 2.4194315 2.4014331 2.3012959 2.6067105 2.5730864 
_R_aspawa2_tyr663_2                  2.6199991 2.6255402 2.7776192 2.7704943 2.4625070 2.5021337 2.3244732 2.5021337 2.4879273 2.4825954 2.5526687 0.3377634 0.0000000 0.3399734 0.3715595 2.0210992 2.4677947 2.4792521 2.1580877 2.2735721 2.6611046 2.4355712 2.4631458 2.5518774 2.5695050 2.5713536 2.4635575 2.3202095 2.5539496 2.1652585 2.4679129 2.3865777 2.2680256 2.3351333 2.4635575 2.9790120 2.6462050 2.6295692 2.9903528 2.5152729 2.2168764 2.5468208 2.4413137 2.6132427 2.1922242 2.1815836 2.4318766 2.2778586 2.2729461 2.2575344 1.8077763 1.8299804 1.8318383 1.8312076 1.8318383 1.9964940 1.9964940 1.9923646 1.8567281 1.8482519 1.6752808 1.9003438 1.7653896 1.7982487 1.7982487 1.8188907 1.8339496 2.0096825 1.9480912 2.0357623 2.6822993 2.0310341 2.0357623 2.3443192 1.9000673 1.8846034 2.1411549 1.8722014 1.9964657 2.1319901 2.4599289 3.1751817 2.2683971 2.3520147 1.7706084 2.6210611 1.8093061 2.6210611 2.2549167 2.4630488 2.5653413 2.4241338 2.6614453 2.4753532 
_R_aspawa2_tyr663_3                  2.1607289 2.5181246 2.7194723 2.7004395 2.4426925 2.4849016 2.3526013 2.4849016 2.1994820 2.2500912 2.4037948 0.0017840 0.3399734 0.0000000 0.0360598 2.3247129 2.4420179 2.4647016 2.1009615 2.1380932 2.3892948 2.2281613 2.2691514 2.3607469 2.4062605 2.3464807 2.3554979 2.2316855 2.3034151 2.2498416 2.2747917 2.2059548 2.1665862 2.5812805 2.3554979 2.8231163 2.7288431 2.7042413 2.8128757 2.4167932 2.0618351 2.4310010 2.5186479 2.6122144 2.2423530 2.2481633 2.4752000 2.1150914 2.1249760 2.0187984 1.6608058 1.6424376 1.6797835 1.6399904 1.6797835 1.7729221 1.7729221 1.7438115 1.6024069 1.6628937 1.6888063 1.6890590 1.6607106 1.6759544 1.6759544 1.6289906 1.6460899 1.7216710 1.6672178 1.7880060 2.4638230 1.7919570 1.7880060 2.0874303 1.6887121 1.6704798 1.9530262 1.6618160 2.0458811 1.9557207 2.4025954 2.8209626 2.1455472 2.1610557 1.7116512 2.4900141 1.6182384 2.4900141 2.2118975 2.4197371 2.4174699 2.3297639 2.6064167 2.5728028 
_R_aspawa2_tyr663_4                  2.1430826 2.4474285 2.7044802 2.7144112 2.4421872 2.4866270 2.3260564 2.4866270 2.2335456 2.2772062 2.3399722 0.0354095 0.3715595 0.0360598 0.0000000 2.3909996 2.4609362 2.4793436 2.1448241 2.1655362 2.4756797 2.3159738 2.2556536 2.3892782 2.4109010 2.3665873 2.3485061 2.2589190 2.3768593 2.2678620 2.2004587 2.1910723 2.1534169 2.5580805 2.3485061 2.8518307 2.6631130 2.6017343 2.8413518 2.4003882 2.0683431 2.4880626 2.4343408 2.5629645 2.2164090 2.2221269 2.4254437 2.0747061 2.0653707 1.9441831 1.6599319 1.6519824 1.6799815 1.6399238 1.6799815 1.7410152 1.7410152 1.6965657 1.6084104 1.6639523 1.7069143 1.7002716 1.6775551 1.6585549 1.6585549 1.6288253 1.6556793 1.7539266 1.6231791 1.7525707 2.4227555 1.7590906 1.7525707 2.0078970 1.6540962 1.6290128 1.8456481 1.6860371 2.0332236 1.9440571 2.4713179 2.8542826 2.1464034 2.1158822 1.7215027 2.2893622 1.6188755 2.2893622 2.2321473 2.4620513 2.3618870 2.3633093 2.5655479 2.5456124 
_R_triasp2_43980                     2.1849092 2.3194902 2.8752710 2.8306541 3.0698209 3.1889987 2.3236182 3.1889987 2.0940830 2.2520990 2.3335648 2.3298134 2.0210992 2.3247129 2.3909996 0.0000000 1.6309656 1.6489314 1.6503240 2.5281690 2.8648749 2.4296491 2.3397095 2.5891916 2.5096833 2.4961193 1.9831461 2.3042758 2.5689028 2.7078002 2.7421370 2.3186092 2.1867535 2.7475551 1.9831461 3.0443614 2.7204611 2.7195663 3.0547784 2.2534484 2.1104099 2.3575437 2.4410895 2.3799394 2.4185610 2.4185610 2.3377361 2.2572501 2.2156627 1.7843259 1.7236435 1.7176421 1.8498795 1.8628385 1.8498795 1.7263191 1.7263191 1.6946710 1.6681245 1.7266921 1.7868258 1.6474953 1.7907539 1.7415195 1.7415195 1.8677934 1.7300187 1.7037973 1.7571861 1.7057677 2.5872684 1.7930392 1.7057677 1.7765869 1.7164785 1.7315127 1.7907614 1.6831365 2.1129681 2.1319698 1.9951924 2.6451514 2.0191832 1.6225688 1.7019557 2.2339774 1.8683066 2.2321718 2.5065903 2.4193684 2.5871953 2.2799589 2.4207339 2.4190907 
_R_Starship-1_Foxy_Fol4287-Captain   2.9493063 2.7232294 2.3153774 2.2690028 2.4085612 2.4367944 2.6867468 2.4367944 2.2366581 2.3386165 2.4568358 2.4551234 2.4677947 2.4420179 2.4609362 1.6309656 0.0000000 0.1405206 0.9723440 2.8866604 2.5446579 2.4159347 2.4261920 2.5889272 2.5915459 2.7178872 2.5011699 2.0870271 2.1700832 2.3828957 2.7577181 2.2757160 2.0859928 2.3617989 2.5011699 2.7450785 2.5835864 2.7433199 2.7311198 2.1652107 2.3867230 2.4666452 2.4769830 2.4284442 2.4494713 2.4544195 2.5064448 2.5415777 2.4583262 1.7168006 1.8847653 1.8742780 1.8357682 1.8717421 1.8357682 1.9167031 1.9298678 1.8614782 1.7512061 1.8699350 1.9321148 1.7729180 1.9162646 1.7957157 1.7957157 1.8705525 1.8745261 1.8035309 1.9314896 1.6631527 2.6672118 1.9227122 1.6631527 1.8439961 1.9707661 1.9532451 1.8201729 1.7945840 2.3300177 2.3247404 2.1845304 2.7044702 1.7867129 1.9784277 1.8218157 2.4871857 1.8953886 2.4782733 2.4257580 2.7093779 2.5788003 2.0818752 2.4980199 2.5311875 
_R_Starship-1_Foxy_Fol4287-Captain_2 3.1384274 2.7356312 2.3729836 2.3244762 2.4853336 2.5160549 2.5974258 2.5160549 2.3233093 2.4454155 2.4099965 2.4563802 2.4792521 2.4647016 2.4793436 1.6489314 0.1405206 0.0000000 0.9554329 2.9178588 2.8002735 2.3925317 2.5160747 2.6374570 2.6885029 2.7209596 2.5981248 2.0633420 2.4319716 2.4204864 2.7663400 2.4449759 2.2240461 2.4573355 2.5981248 2.8375878 2.5817502 2.7639491 2.8304356 2.2042072 2.3226097 2.5073174 2.6350393 2.5255223 2.4598513 2.4601012 2.6340615 2.4185526 2.3574647 1.8132822 1.8400637 1.8293485 1.8252021 1.8320182 1.8252021 1.8896903 1.9008410 1.8431183 1.7508474 1.8289480 1.8933611 1.7764476 1.8402243 1.8383867 1.8383867 1.8309728 1.8295962 1.7744377 1.9454386 1.6680129 2.5361151 1.8394175 1.6680129 1.8386108 1.9549780 1.9293167 1.8040033 1.8073242 2.3388647 2.4436098 2.2925921 2.8650706 1.8205637 2.0535473 1.7832747 2.7252246 1.8591491 2.7150775 2.5437037 2.7997003 2.4918980 2.0941518 2.4696873 2.5642463 
_R_fusbeo1_KAF4342966.1              2.5505934 2.8719978 2.9245323 2.9107197 2.8539663 2.8608120 2.7804500 2.8608120 2.3607182 2.3854987 2.7365247 2.1108150 2.1580877 2.1009615 2.1448241 1.6503240 0.9723440 0.9554329 0.0000000 2.4371473 2.6122202 2.2629049 2.8207219 2.1031452 2.1359989 2.2259920 2.3548470 2.3667960 2.5477984 2.4002888 2.9114185 2.4568639 2.3928953 2.4472490 2.3548470 2.7789699 2.6010378 2.6278115 2.7810231 2.3797517 2.3374499 2.3492095 2.3985401 2.4814990 2.2627002 2.2588125 2.4934879 2.1699065 2.1819551 1.8492158 1.8741847 1.9124089 1.8439458 1.8506726 1.8439458 1.9553679 1.9622968 1.9223146 1.8321351 1.8886560 1.9609166 1.9011508 1.9289346 1.9120949 1.9120949 1.8381942 1.9127928 1.8964949 1.9974690 1.8088740 2.6491471 1.6957100 1.8088740 1.8294818 1.9077841 1.8998017 1.6814495 1.8839875 2.4151624 2.2234208 2.3638367 2.5761550 1.8220478 2.2569768 1.9998359 2.7423331 1.8830383 2.7369717 2.3147238 2.8299039 2.6766749 2.3380292 2.3403569 2.3418515 
_R_Starship-2_Cpsa-Captain           2.4175060 2.3028039 2.5074446 2.4948258 2.5769707 2.5988528 2.4482076 2.5988528 2.3331378 2.3682143 2.1223692 2.1480867 2.2735721 2.1380932 2.1655362 2.5281690 2.8866604 2.9178588 2.4371473 0.0000000 2.4970537 1.6663827 1.4461037 0.8479781 0.8445995 0.9346737 2.0986103 2.3905139 2.4693382 2.5687926 2.3797792 2.4692378 2.6403372 2.9049278 2.0986103 2.7621014 2.5904399 2.5690453 2.7751673 2.4247363 2.1411088 2.3124627 2.4409399 2.3989490 2.4550603 2.4472110 2.4644657 2.4636091 2.4641007 1.8791676 1.7845737 1.7903318 1.8041052 1.7924236 1.8041052 1.7587413 1.7587413 1.7372705 1.7143881 1.8035852 1.9025156 1.7498383 1.7907418 1.7669119 1.7669119 1.8025149 1.7870425 1.7753257 1.7846885 1.7444351 2.3313210 1.8219838 1.7444351 1.7684825 1.7772415 1.8212454 1.8111608 1.7760997 2.3732716 2.0858540 2.5798861 2.7122632 2.3790960 2.3396279 1.8567480 1.9599703 1.7649275 1.9641708 2.6157358 2.4228597 2.4567864 2.0660707 2.3245780 2.3260220 
_R_letlup1_KAF6222261.1              2.5096641 2.7055119 2.5700629 2.5737185 2.5736277 2.5962006 2.3846207 2.5962006 1.7349627 1.7249285 2.4406597 2.4371029 2.6611046 2.3892948 2.4756797 2.8648749 2.5446579 2.8002735 2.6122202 2.4970537 0.0000000 1.9831680 2.8515377 2.4085955 2.5076995 2.6480620 2.5844434 1.9989109 2.2141410 2.4027750 2.3409819 2.3944448 2.1878211 2.6056493 2.5844434 1.9624663 1.9215859 2.0044485 1.9647184 2.6341521 2.4400971 2.6884978 2.3100849 2.2760075 2.4969298 2.4926085 2.3730932 2.6236561 2.6154845 2.1333948 2.1673903 2.1819967 2.1806805 2.1979710 2.1806805 2.1190008 2.1261663 2.1241406 2.1726052 2.1918312 2.2497126 2.2050798 2.2033313 2.2199474 2.2199474 2.1955604 2.1911784 1.7996873 2.0993820 2.1174220 2.5339547 1.9411590 2.1174220 2.1361688 2.1391473 2.0628065 2.0640663 2.1615222 2.2127477 2.3050037 2.6559258 1.5865078 2.9553138 2.6602089 2.1314914 2.1138611 2.1434653 2.1173646 2.4947221 2.5635181 2.8158053 2.6259982 2.4903004 2.5116430 
_R_gaetri1_EJT68898.1                2.4933683 2.6093149 2.3005656 2.3285996 2.3512668 2.3266905 2.4729203 2.3266905 2.0077356 1.9839547 2.2110305 2.2547452 2.4355712 2.2281613 2.3159738 2.4296491 2.4159347 2.3925317 2.2629049 1.6663827 1.9831680 0.0000000 1.3156157 1.5062982 1.5744995 1.5771996 2.4897136 2.0367021 2.2783435 2.4387296 2.9404221 2.2712774 2.3025119 2.6973910 2.4897136 2.3175612 2.4048073 2.4565716 2.3830544 2.4915643 2.1501984 2.2780369 2.8200071 2.7465498 2.2912167 2.2906177 2.7173697 2.2902865 2.3106096 1.8992130 1.8379801 1.8043173 1.7610376 1.7611611 1.7610376 1.8238476 1.8238476 1.9225529 1.8465697 1.8041403 1.8675050 1.8030909 1.8450020 1.9113460 1.9113460 1.7662324 1.7896435 1.7099427 1.8498121 1.8395304 2.4277481 1.6879173 1.8395304 1.8552091 2.0155577 1.9649287 1.7112459 1.8709271 2.2197198 2.6234304 2.5458773 1.9812063 2.0091269 2.0849648 1.9114331 2.3417236 1.7587209 2.3454798 2.3363313 2.2625245 2.5383547 2.1608410 2.4093546 2.5173448 
_R_Enterprise_Pans-Captain           2.4021334 2.3651326 2.0338201 2.0511609 2.1604259 2.1500816 2.0720634 2.1500816 2.1479144 2.1847396 1.4105810 2.2399686 2.4631458 2.2691514 2.2556536 2.3397095 2.4261920 2.5160747 2.8207219 1.4461037 2.8515377 1.3156157 0.0000000 1.3610995 1.3483416 1.4517870 2.2130427 2.4332695 2.2944362 2.7965040 2.6403192 2.3786608 2.4641649 3.0434520 2.2130427 2.5683939 2.6240967 2.5457255 2.5685303 2.2618591 2.2267029 2.0296790 2.9367485 2.8528166 2.8317039 2.8411581 2.8964725 1.9466022 1.8771238 1.4516188 1.3280747 1.3198899 1.3490894 1.3132158 1.3490894 1.3049963 1.3104080 1.3337085 1.4231738 1.3321278 1.3720201 1.3644047 1.3368698 1.4570870 1.4570870 1.3189541 1.3203729 1.3001826 1.3235416 1.4090619 2.0626494 1.4459770 1.4090619 1.3632978 1.3844870 1.3485242 1.3924104 1.3720960 2.4422298 2.0175016 2.4276064 2.7200730 2.2147522 2.2387552 1.3498431 2.0658590 1.2985449 2.0982621 2.5734174 2.3056994 2.2896262 1.8698908 2.2176455 2.1659458 
_R_fushos2_tyr5966                   2.5834722 2.5787144 2.5441647 2.5599237 2.4451172 2.4856987 2.1906945 2.4856987 2.4965517 2.4061033 2.0435376 2.3434978 2.5518774 2.3607469 2.3892782 2.5891916 2.5889272 2.6374570 2.1031452 0.8479781 2.4085955 1.5062982 1.3610995 0.0000000 0.0528079 0.0663510 2.0360979 2.7742174 2.3384289 2.5003853 2.6221778 2.4185314 2.7901344 2.7123749 2.0360979 2.6229445 2.5131117 2.4550487 2.6474134 2.7067338 2.3649727 2.3206889 2.8101631 2.6511740 2.8237192 2.8287366 2.8123236 2.6294226 2.5407609 1.9708330 1.9398560 1.9587318 1.9176906 1.8766984 1.9176906 1.7735106 1.7624885 1.7727716 1.9780820 1.9676415 1.9710409 1.9310586 1.9856173 1.9920876 1.9920876 1.8816258 1.9704368 1.6988390 1.8778538 1.7905419 2.4269269 1.6301985 1.7905419 2.0436527 1.9780971 2.0286131 1.9091805 1.9749272 2.5845251 2.2129988 2.8596440 2.6935430 2.1859229 2.3827353 2.0263149 2.1766391 1.8235355 2.1686562 2.4979975 2.1552100 2.4728389 2.1396121 2.3606643 2.3052538 
_R_fushos2_tyr5966_2                 2.6108339 2.6055123 2.5833500 2.5946014 2.4868259 2.5272309 2.1485618 2.5272309 2.5669247 2.5220760 1.9842615 2.3832206 2.5695050 2.4062605 2.4109010 2.5096833 2.5915459 2.6885029 2.1359989 0.8445995 2.5076995 1.5744995 1.3483416 0.0528079 0.0000000 0.0707104 2.0429119 2.7907807 2.4234353 2.6136193 2.6651359 2.4598413 2.8208790 2.8446848 2.0429119 2.7267337 2.6633129 2.5720971 2.7523291 2.6701482 2.2611511 2.3013281 2.6638614 2.4944045 2.7237361 2.7286462 2.7096968 2.5760544 2.4906063 1.9362171 1.9183117 1.9366187 1.9094493 1.8732591 1.9094493 1.7697846 1.7627310 1.7717084 1.9588447 1.9454860 1.9492730 1.9113010 1.9643259 1.9509574 1.9509574 1.8876141 1.9481824 1.6930479 1.8373045 1.7813541 2.4280781 1.6668259 1.7813541 1.9682727 1.9923405 2.0247934 1.8745413 1.9532940 2.6458589 2.1827565 2.9775244 2.7842270 2.1424113 2.4154898 2.0294487 2.2574331 1.8199106 2.2490886 2.5893992 2.1687475 2.4362706 2.2242993 2.3248633 2.2607202 
_R_fushos2_tyr5966_3                 2.6168461 2.5246048 2.5047761 2.4994582 2.4171640 2.4518391 2.0986131 2.4518391 2.5680031 2.4999184 2.0079673 2.3311833 2.5713536 2.3464807 2.3665873 2.4961193 2.7178872 2.7209596 2.2259920 0.9346737 2.6480620 1.5771996 1.4517870 0.0663510 0.0707104 0.0000000 2.0084704 2.6880204 2.3376739 2.4001898 2.6070549 2.4582478 2.7247618 2.5429300 2.0084704 2.6707551 2.6151358 2.5338720 2.6924213 2.5250942 2.0388928 2.1603031 2.9774741 2.7640136 2.6619402 2.6706177 2.9759034 2.5619067 2.4953711 2.0702820 1.9515889 1.9578735 1.9426947 1.9031612 1.9426947 1.7425629 1.7365417 1.7741967 2.0122053 1.9646674 1.9703880 1.9433800 1.9778340 2.0146538 2.0146538 1.9126077 1.9672415 1.7681793 1.8426815 1.8105155 2.3132178 1.6921504 1.8105155 2.0799850 2.0269332 2.0467944 1.9662214 1.9660339 2.6333477 2.1497713 2.7475960 2.8331262 2.4168717 2.3837865 1.9586873 2.2510060 1.8589541 2.2444655 2.4934653 2.2326336 2.3355228 2.1102690 2.4215144 2.3371046 
_R_Starship-2_Afla-Captain           2.1472317 2.1095232 2.5858571 2.5926167 2.8014271 2.7772400 2.4653282 2.7772400 2.5001072 2.5679706 2.5920696 2.3654264 2.4635575 2.3554979 2.3485061 1.9831461 2.5011699 2.5981248 2.3548470 2.0986103 2.5844434 2.4897136 2.2130427 2.0360979 2.0429119 2.0084704 0.0000000 1.6554586 2.0900474 2.6666048 2.5253383 1.4477028 1.3654410 2.7909028 0.0000010 2.6462973 2.4631577 2.3689170 2.6388780 2.1818110 2.1605090 2.2643902 2.7827914 2.7284089 2.3600127 2.3641181 2.8059939 2.3555918 2.3788471 1.9825740 1.6910177 1.6523228 1.7352482 1.7731539 1.7352482 1.7032635 1.7032635 1.6787134 1.6848822 1.6595439 1.7624736 1.5903024 1.6925558 1.7566725 1.7566725 1.7775878 1.6454321 1.6901646 1.7237880 1.6309878 1.7710737 1.6425964 1.6309878 1.8987461 1.8702384 1.8670556 1.7527585 1.6363116 1.7630384 2.3379836 2.2881654 2.6744572 2.0621431 2.1272104 1.7210727 2.0874726 1.7949150 2.0821969 2.6239254 1.6570110 1.7582471 2.0262461 2.1444908 2.1931541 
_R_lasthe3_KAB2568541.1              2.2407644 2.2097463 2.4238011 2.3995956 2.3435240 2.3700537 2.6218557 2.3700537 2.4555586 2.4635098 2.4208169 2.2313736 2.3202095 2.2316855 2.2589190 2.3042758 2.0870271 2.0633420 2.3667960 2.3905139 1.9989109 2.0367021 2.4332695 2.7742174 2.7907807 2.6880204 1.6554586 0.0000000 1.5828771 2.2563300 2.2590117 1.5619555 1.5158972 2.4488775 1.6584063 2.3229049 2.3332503 2.4057560 2.3842111 1.9651128 2.0671702 1.9049374 2.3741897 2.2349342 2.2687424 2.2689371 2.4334665 2.5854217 2.5284000 2.0435288 1.7109559 1.6562187 1.7731664 1.7847865 1.7731664 1.7562388 1.7562388 1.7039924 1.6693484 1.6684412 1.7904592 1.6552390 1.7515557 1.7651359 1.7651359 1.7812161 1.6592489 1.6863502 1.7033340 1.7488707 1.7223854 1.7026547 1.7488707 1.9354057 1.8947228 1.8657127 1.7902872 1.6861295 1.6690339 2.2788358 2.4627276 2.4880049 2.0338473 1.7660860 1.7059822 1.7606898 1.8292595 1.7617618 2.4648803 1.7339421 1.7813152 2.0762260 2.2068518 2.2345379 
_R_lizemp1_168641                    2.7263804 2.3564301 2.3878227 2.3618273 2.4856147 2.5756425 2.8687516 2.5756425 2.5393496 2.5138730 2.2413185 2.3278148 2.5539496 2.3034151 2.3768593 2.5689028 2.1700832 2.4319716 2.5477984 2.4693382 2.2141410 2.2783435 2.2944362 2.3384289 2.4234353 2.3376739 2.0900474 1.5828771 0.0000000 2.9559828 2.7016562 0.0419706 0.2223012 2.9277790 2.0633856 2.3303348 2.7341280 2.9541947 2.3413219 2.2700718 2.2099199 2.4518604 1.9008940 1.8465233 1.9673987 1.9673987 1.9952798 3.0527443 2.9754442 1.7624534 1.6639149 1.6445604 1.7563488 1.7338940 1.7563488 1.5211215 1.5211215 1.5686554 1.6864504 1.6363527 1.7384362 1.5829325 1.7516740 1.7444411 1.7444411 1.7423182 1.6511202 1.6737727 1.6682715 1.5607166 1.7978011 1.8397367 1.5607166 1.6223215 1.7360997 1.7725595 1.9913890 1.6620152 2.0786232 2.3817146 2.4201832 2.5199500 2.0046985 1.8655035 1.6720902 2.0314659 1.7522460 2.0468844 2.7976047 1.6936499 1.5784918 2.3026767 2.5896981 2.6330300 
pyrtri1_EDU47821.1                   2.5992407 2.1489740 2.8981233 2.8473636 2.9077128 2.9473477 2.4692841 2.9473477 2.8591226 2.8490762 2.4075858 2.2393094 2.1652585 2.2498416 2.2678620 2.7078002 2.3828957 2.4204864 2.4002888 2.5687926 2.4027750 2.4387296 2.7965040 2.5003853 2.6136193 2.4001898 2.6666048 2.2563300 2.9559828 0.0000000 0.7772463 2.8463157 2.7346378 0.1606799 2.6521758 2.3020664 2.4620233 2.4937288 2.3562010 2.4686995 2.6152651 2.3960009 2.8596987 2.8344517 2.7363163 2.7392771 2.9177724 2.8577492 2.9372851 2.1731905 2.0655760 2.0526681 2.1294240 2.1117115 2.1294240 2.0837461 2.0837461 2.0704548 2.0466936 2.0631349 2.1389513 2.1727049 2.0949775 2.1303898 2.1303898 2.1352026 2.0461045 1.9527594 2.2375955 2.1478244 2.6258334 1.9484417 2.1478244 2.2099395 2.1183545 2.1352996 2.1253446 2.1979414 2.1978449 2.3464960 2.3374509 2.6787935 2.5689442 2.7512374 2.2847216 2.4109124 2.1090607 2.4226756 0.1560850 2.6994624 2.8071170 2.3614944 2.2464547 2.2961870 
pyrtri1_EDU47821.1_2                 2.3887500 2.1302009 2.5055724 2.4564076 2.5746427 2.5703452 2.6196155 2.5703452 3.1694684 3.2535098 2.5298752 2.2797942 2.4679129 2.2747917 2.2004587 2.7421370 2.7577181 2.7663400 2.9114185 2.3797792 2.3409819 2.9404221 2.6403192 2.6221778 2.6651359 2.6070549 2.5253383 2.2590117 2.7016562 0.7772463 0.0000000 2.7017062 2.7223634 0.8410710 2.6133714 2.5846427 2.7897501 2.8363615 2.5944628 2.6364163 2.5771241 2.4917423 3.3875421 3.2970638 2.6957986 2.6930974 3.3718702 3.2554532 3.3619702 1.9922192 2.1372733 2.1079434 2.1175110 2.1179756 2.1175110 2.1893278 2.1893278 2.0964710 2.0335689 2.1252228 2.1349851 2.1762035 2.1383719 2.0794531 2.0794531 2.1243743 2.0998367 2.0575221 2.1004975 2.1798388 2.8762194 1.8402794 2.1798388 2.0009555 2.2250301 2.2323420 2.0514469 2.0798042 2.1764503 2.5217550 2.4485816 2.7607514 3.4190189 2.7534912 2.2414484 2.2647797 2.1177803 2.2700532 0.7843499 2.6124528 2.9565456 2.4836486 2.3244032 2.3813794 
_R_lizemp1_168641_2                  2.5749311 2.4232364 2.5463158 2.5304350 2.6452198 2.6776866 3.0753830 2.6776866 2.4779169 2.6055328 2.4444607 2.2201834 2.3865777 2.2059548 2.1910723 2.3186092 2.2757160 2.4449759 2.4568639 2.4692378 2.3944448 2.2712774 2.3786608 2.4185314 2.4598413 2.4582478 1.4477028 1.5619555 0.0419706 2.8463157 2.7017062 0.0000000 0.2431739 2.7446803 1.4456068 2.4519678 2.6036151 2.6990626 2.4598348 2.1861218 2.0923052 2.3342531 1.8677202 1.8731057 2.0158032 2.0194964 1.9762913 2.4717595 2.4483401 1.8280434 1.9577867 1.9351004 1.9593821 2.0175355 1.9593821 1.8950294 1.8950294 1.9048514 1.7630138 1.9335990 2.0565585 1.8350678 1.9767550 1.8077668 1.8077668 2.0291528 1.9420654 1.9367442 1.9894847 1.6788908 1.7875112 1.8870045 1.6788908 1.7068962 1.9095085 1.9453804 2.0377099 1.8811048 1.7081986 2.2250973 2.2584190 2.4678359 2.3991387 1.9832020 1.8811867 2.0613615 2.0238120 2.0552022 2.8246708 1.7104901 1.6309264 2.2942205 2.7419729 2.9012186 
_R_lizemp1_168641_3                  2.4677372 2.1840872 2.4664226 2.4644340 2.5021090 2.5388330 3.0387189 2.5388330 2.2351294 2.2646754 2.4038800 2.1801005 2.2680256 2.1665862 2.1534169 2.1867535 2.0859928 2.2240461 2.3928953 2.6403372 2.1878211 2.3025119 2.4641649 2.7901344 2.8208790 2.7247618 1.3654410 1.5158972 0.2223012 2.7346378 2.7223634 0.2431739 0.0000000 2.8483269 1.3617030 2.2486889 2.4431004 2.6671246 2.2555090 2.1107118 1.9557358 2.2851020 2.0583181 2.0096952 2.2259052 2.2304370 2.1995537 2.4044850 2.4157799 1.7738582 1.8887354 1.8524584 1.8431846 1.8786993 1.8431846 1.8993660 1.8993660 1.8793459 1.7607641 1.8348594 1.9539184 1.8162293 1.8902623 1.7696147 1.7696147 1.8895887 1.8518925 1.8685866 2.0433328 1.7897216 1.7333310 1.8539484 1.7897216 1.6198806 1.9072782 1.9530611 1.9243014 1.8502628 1.6616269 2.1988879 2.1916263 2.3476691 2.4241031 1.9391799 1.8555019 2.1940484 1.9117878 2.1855729 2.7939400 1.6584188 1.6791992 2.2120998 2.6033934 2.6587306 
pyrtri1_EDU47821.1_3                 2.5677750 2.2771671 2.9553095 2.8976546 3.0324920 3.0899864 2.7377465 3.0899864 2.7804446 2.7959887 2.8261860 2.5457597 2.3351333 2.5812805 2.5580805 2.7475551 2.3617989 2.4573355 2.4472490 2.9049278 2.6056493 2.6973910 3.0434520 2.7123749 2.8446848 2.5429300 2.7909028 2.4488775 2.9277790 0.1606799 0.8410710 2.7446803 2.8483269 0.0000000 2.8140195 2.5120123 2.6308044 2.6386587 2.5701067 2.5306607 2.4811234 2.6443628 2.9764499 2.9487595 2.6540779 2.6576003 3.0312958 3.1845780 3.2244837 2.5378021 2.3494640 2.3492656 2.2791100 2.2708455 2.2791100 2.3911485 2.3911485 2.4247396 2.3600271 2.3637823 2.4341820 2.4969611 2.4050505 2.4093274 2.4093274 2.2715595 2.3389618 2.3001007 2.4281016 2.4949698 2.8417018 2.2900789 2.4949698 2.6538856 2.5187337 2.4754493 2.4804481 2.5290509 2.2293571 2.5288885 2.2738893 2.6209462 2.7606801 2.9098606 2.5596372 2.5774862 2.2826865 2.5968598 0.1691100 3.0683688 3.1798074 2.5050631 2.3382598 2.3081990 
_R_Starship-2_Afla-Captain_2         2.1472317 2.1095232 2.5858571 2.5926167 2.8014271 2.7772400 2.4653282 2.7772400 2.5001072 2.5679706 2.5920696 2.3654264 2.4635575 2.3554979 2.3485061 1.9831461 2.5011699 2.5981248 2.3548470 2.0986103 2.5844434 2.4897136 2.2130427 2.0360979 2.0429119 2.0084704 0.0000010 1.6584063 2.0633856 2.6521758 2.6133714 1.4456068 1.3617030 2.8140195 0.0000000 2.6462973 2.4631577 2.3689170 2.6388780 2.1818110 2.1605090 2.2643902 2.7827914 2.7284089 2.3600127 2.3641181 2.8059939 2.3555918 2.3788471 1.9825740 1.6910177 1.6523228 1.7352482 1.7731539 1.7352482 1.7032635 1.7032635 1.6787134 1.6848822 1.6595439 1.7624736 1.5903024 1.6925558 1.7566725 1.7566725 1.7775878 1.6454321 1.6901646 1.7237880 1.6309878 1.7710737 1.6425964 1.6309878 1.8987461 1.8702384 1.8670556 1.7527585 1.6363116 1.7630384 2.3379836 2.2881654 2.6744572 2.0621431 2.1272104 1.7210727 2.0874726 1.7949150 2.0821969 2.6239254 1.6570110 1.7582471 2.0262461 2.1444908 2.1931541 
tolinf1_199956                       2.5339276 2.4244502 3.0133751 3.0460330 3.2053193 3.2540996 2.3017937 3.2540996 1.9853091 1.8861189 2.8357029 2.9002006 2.9790120 2.8231163 2.8518307 3.0443614 2.7450785 2.8375878 2.7789699 2.7621014 1.9624663 2.3175612 2.5683939 2.6229445 2.7267337 2.6707551 2.6462973 2.3229049 2.3303348 2.3020664 2.5846427 2.4519678 2.2486889 2.5120123 2.6462973 0.0000000 0.5867026 0.6099877 0.0092402 2.7956617 2.7023236 2.7947139 2.9102455 2.8186730 3.0164797 3.0087635 2.9468459 3.4141427 3.4815124 2.3712363 2.3477826 2.3339984 2.4199894 2.4349013 2.4199894 2.0605216 2.0605216 2.0943627 2.5050716 2.3623150 2.4845897 2.3591189 2.4188219 2.5688038 2.5688038 2.4302953 2.3474053 2.1124876 1.7879173 2.1226503 2.5704945 2.3153132 2.1226503 2.2980031 2.4047418 2.3685089 2.6488926 2.4178019 2.6122313 2.7998246 2.6153540 1.7229257 2.7434141 2.3569485 2.2060157 2.8526134 2.3591566 2.8414595 2.4525304 2.9252672 2.5540829 3.6030323 2.6296979 2.6471421 
_R_tolinf1_199956_2                  2.5753578 2.4659580 3.1038588 3.0719731 3.2474392 3.2507334 2.7484280 3.2507334 1.8959374 1.9150972 2.6395305 2.7504840 2.6462050 2.7288431 2.6631130 2.7204611 2.5835864 2.5817502 2.6010378 2.5904399 1.9215859 2.4048073 2.6240967 2.5131117 2.6633129 2.6151358 2.4631577 2.3332503 2.7341280 2.4620233 2.7897501 2.6036151 2.4431004 2.6308044 2.4631577 0.5867026 0.0000000 0.0734404 0.5765198 2.3334186 2.6531756 2.6037655 2.3586111 2.3028923 2.5776878 2.5705781 2.4359841 2.6604459 2.5705531 2.2045815 2.1387359 2.1408356 2.1511379 2.1278314 2.1511379 1.9111262 1.9111262 2.0529393 2.3356647 2.1433311 2.2437798 2.2066512 2.1703670 2.3435789 2.3435789 2.1238150 2.1397953 1.9730341 2.0412561 2.0210841 2.4923795 2.0104143 2.0210841 2.1819693 2.0342628 1.9896095 2.2613393 2.2853405 2.2914478 2.8135627 2.8045626 1.8225808 2.3692912 2.4126335 2.2460136 2.3467879 2.0802683 2.3572247 2.5107435 2.9666800 2.4327954 2.8675072 2.4664124 2.5108204 
_R_tolinf1_199956_3                  2.6166618 2.4419127 2.9920387 2.9791203 3.1425824 3.1557654 2.6613555 3.1557654 1.9637834 1.9573609 2.5751264 2.6801074 2.6295692 2.7042413 2.6017343 2.7195663 2.7433199 2.7639491 2.6278115 2.5690453 2.0044485 2.4565716 2.5457255 2.4550487 2.5720971 2.5338720 2.3689170 2.4057560 2.9541947 2.4937288 2.8363615 2.6990626 2.6671246 2.6386587 2.3689170 0.6099877 0.0734404 0.0000000 0.5955085 2.3607309 2.6325068 2.4245343 2.5079181 2.4748058 2.7201128 2.7127525 2.5415332 2.6606438 2.5946909 2.1964861 1.9947686 2.0276226 2.0702036 2.0401606 2.0702036 1.8888005 1.8986580 2.0375123 2.1691539 2.0298071 2.0802945 2.0778272 2.0561178 2.1540242 2.1540242 2.0363522 2.0263020 1.9829631 2.0623853 1.9807070 2.4913989 1.8998007 1.9807070 2.1655144 2.0320595 1.9697097 2.1811357 2.1890395 2.2384152 2.9263413 2.7536846 1.7531636 2.4054480 2.4985007 2.1689034 2.2724257 1.9857995 2.2786390 2.5344133 3.0488107 2.4212735 2.7774382 2.4164747 2.4569290 
tolinf1_199956_4                     2.5211379 2.4362969 2.9769646 3.0087589 3.1634450 3.2111593 2.3135081 3.2111593 1.9816333 1.8834271 2.8114867 2.8897139 2.9903528 2.8128757 2.8413518 3.0547784 2.7311198 2.8304356 2.7810231 2.7751673 1.9647184 2.3830544 2.5685303 2.6474134 2.7523291 2.6924213 2.6388780 2.3842111 2.3413219 2.3562010 2.5944628 2.4598348 2.2555090 2.5701067 2.6388780 0.0092402 0.5765198 0.5955085 0.0000000 2.7976527 2.7066631 2.7600810 2.9098864 2.8183232 3.0249788 3.0172637 2.9464731 3.4209201 3.4744310 2.3977891 2.3439442 2.3301821 2.4386735 2.4528470 2.4386735 2.0728772 2.0728772 2.0834710 2.4994518 2.3583797 2.4802170 2.3549912 2.4146982 2.5628832 2.5628832 2.4482502 2.3435237 2.1152665 1.7903574 2.1285069 2.5699096 2.3167610 2.1285069 2.2962454 2.3925846 2.3708528 2.6041266 2.4134505 2.6754704 2.8278817 2.6618516 1.7324362 2.7779966 2.4061719 2.2091617 2.8567144 2.3768780 2.8456840 2.5254362 2.9166503 2.5639899 3.6294058 2.6577332 2.6707414 
_R_Voyager_Mpha_mp102-Captain        2.4054575 2.3577762 2.4543274 2.4492247 2.4528126 2.4532147 2.3881863 2.4532147 2.3999830 2.4081942 2.5008143 2.4002974 2.5152729 2.4167932 2.4003882 2.2534484 2.1652107 2.2042072 2.3797517 2.4247363 2.6341521 2.4915643 2.2618591 2.7067338 2.6701482 2.5250942 2.1818110 1.9651128 2.2700718 2.4686995 2.6364163 2.1861218 2.1107118 2.5306607 2.1818110 2.7956617 2.3334186 2.3607309 2.7976527 0.0000000 0.3237584 0.4291238 3.1716357 3.1169445 2.3162594 2.3164918 3.1108661 1.9146147 1.9785322 2.0312404 1.8355343 1.8468222 1.7689274 1.8204237 1.7689274 1.7964688 1.7920947 1.7024377 1.9084568 1.8534545 1.9508162 1.8426466 1.8822180 2.0041075 2.0041075 1.8132437 1.8610671 1.6875230 1.5495958 1.8911020 2.5419803 2.0138092 1.8911020 2.0726035 1.9844786 1.9554040 2.1757445 1.8166841 2.5017201 2.0151728 2.4866008 2.6730401 2.1144262 1.9699959 1.7857175 2.1989917 1.8444336 2.1861615 2.3911300 2.1890915 2.3065313 2.3713600 2.3900488 2.4348126 
